{
  "advancedEditorSelectedIdentifier" : "ProjectBrowser",
  "openSceneRelativePaths" : [
    "Robot Scene.usda",
    "PortalMaterialScene.usda"
  ],
  "recentIdentifiers" : {
    "75E95100-9743-4785-BD1F-556B701C7391" : [

    ],
    "7877A3AA-8264-4183-88C7-C636074DF8EA" : [

    ],
    "C879D201-E8CF-470D-A429-07C75BE79774" : [

    ]
  },
  "sceneCameraHistory" : {
    "75E95100-9743-4785-BD1F-556B701C7391" : [
      {
        "date" : 770375102.400619,
        "title" : "Untitled",
        "transform" : [
          0.98080826,
          9.186737e-09,
          -0.19497472,
          0,
          -0.023124984,
          0.9929415,
          -0.11632883,
          0,
          0.1935985,
          0.118605055,
          0.97388524,
          0,
          0.020481993,
          0.048248947,
          0.40484318,
          1
        ]
      },
      {
        "date" : 770375088.917468,
        "title" : "Untitled",
        "transform" : [
          0.98878133,
          1.0235387e-08,
          0.14937,
          0,
          0.0021406151,
          0.99989724,
          -0.014170233,
          0,
          -0.14935464,
          0.01433105,
          0.9886798,
          0,
          -0.041045062,
          0.002122588,
          0.13526984,
          1
        ]
      },
      {
        "date" : 770374657.759589,
        "title" : "Untitled",
        "transform" : [
          0.98878133,
          1.0235387e-08,
          0.14937,
          0,
          0.0021406151,
          0.99989724,
          -0.014170233,
          0,
          -0.14935462,
          0.014331048,
          0.9886797,
          0,
          -0.036935154,
          0.0019100504,
          0.121725075,
          1
        ]
      },
      {
        "date" : 770374655.523344,
        "title" : "Untitled",
        "transform" : [
          0.88904333,
          1.0815889e-08,
          0.457823,
          0,
          0.023686662,
          0.9986607,
          -0.045996986,
          0,
          -0.4572098,
          0.05173765,
          0.88785267,
          0,
          -0.07385999,
          0.0066190725,
          0.10337186,
          1
        ]
      },
      {
        "date" : 770374652.551301,
        "title" : "Untitled",
        "transform" : [
          0.88904333,
          1.0815889e-08,
          0.457823,
          0,
          0.023686662,
          0.9986607,
          -0.045996986,
          0,
          -0.4572098,
          0.05173765,
          0.88785267,
          0,
          -0.14022277,
          0.012566271,
          0.19625093,
          1
        ]
      },
      {
        "date" : 770374650.049681,
        "title" : "Untitled",
        "transform" : [
          0.88904333,
          1.0815889e-08,
          0.457823,
          0,
          0.023686662,
          0.9986607,
          -0.045996986,
          0,
          -0.4572098,
          0.05173765,
          0.88785267,
          0,
          -0.17169331,
          0.015386549,
          0.24029598,
          1
        ]
      },
      {
        "date" : 770374646.022036,
        "title" : "Untitled",
        "transform" : [
          0.88904333,
          1.0815889e-08,
          0.457823,
          0,
          0.023686662,
          0.9986607,
          -0.045996986,
          0,
          -0.4572098,
          0.05173765,
          0.88785267,
          0,
          -0.32593605,
          0.029209236,
          0.45616877,
          1
        ]
      },
      {
        "date" : 770374642.698303,
        "title" : "Untitled",
        "transform" : [
          0.88904333,
          1.0815889e-08,
          0.457823,
          0,
          0.023686662,
          0.9986607,
          -0.045996986,
          0,
          -0.4572098,
          0.05173765,
          0.88785267,
          0,
          -0.3312571,
          0.029686091,
          0.46361595,
          1
        ]
      },
      {
        "date" : 770374217.819422,
        "title" : "Untitled",
        "transform" : [
          0.88904333,
          1.0815889e-08,
          0.457823,
          0,
          0.023686662,
          0.9986607,
          -0.045996986,
          0,
          -0.4572098,
          0.05173765,
          0.88785267,
          0,
          -0.26140234,
          0.023425953,
          0.3658496,
          1
        ]
      },
      {
        "date" : 770374157.581473,
        "title" : "Untitled",
        "transform" : [
          0.9352864,
          1.0336381e-08,
          0.3538918,
          0,
          0.03776277,
          0.9942905,
          -0.09980173,
          0,
          -0.3518712,
          0.10670716,
          0.92994636,
          0,
          -0.21312973,
          0.049778722,
          0.39103574,
          1
        ]
      }
    ],
    "7877A3AA-8264-4183-88C7-C636074DF8EA" : [
      {
        "date" : 770190556.827195,
        "title" : "Untitled",
        "transform" : [
          0.99945676,
          -1.2183704e-09,
          0.032958068,
          0,
          0.0037617125,
          0.99346524,
          -0.114073485,
          0,
          -0.032742612,
          0.11413556,
          0.9929255,
          0,
          -0.042010017,
          0.525787,
          3.61414,
          1
        ]
      },
      {
        "date" : 770190496.660522,
        "title" : "Untitled",
        "transform" : [
          0.99945664,
          -1.2183703e-09,
          0.032958064,
          0,
          0.0037617125,
          0.99346524,
          -0.114073485,
          0,
          -0.032742612,
          0.11413556,
          0.9929255,
          0,
          -0.0149768675,
          0.1303242,
          1.2884668,
          1
        ]
      },
      {
        "date" : 770190439.381811,
        "title" : "Untitled",
        "transform" : [
          0.9851139,
          -1.4008839e-09,
          -0.17190267,
          0,
          0.11210771,
          0.7580832,
          0.6424498,
          0,
          0.13031663,
          -0.6521578,
          0.7467984,
          0,
          0.19384128,
          -0.85767424,
          0.95088166,
          1
        ]
      },
      {
        "date" : 770190429.378539,
        "title" : "Untitled",
        "transform" : [
          0.8853236,
          -2.6342377e-09,
          0.46497563,
          0,
          0.024596427,
          0.99859995,
          -0.04683207,
          0,
          -0.46432453,
          0.05289841,
          0.884084,
          0,
          -0.54872155,
          0.026317865,
          1.1039132,
          1
        ]
      },
      {
        "date" : 770190424.365093,
        "title" : "Untitled",
        "transform" : [
          0.99446636,
          1.369992e-08,
          -0.10505635,
          0,
          -0.021453476,
          0.9789272,
          -0.20307936,
          0,
          0.10284246,
          0.2042094,
          0.97351015,
          0,
          0.15347566,
          0.21248467,
          1.1910733,
          1
        ]
      },
      {
        "date" : 770190414.116843,
        "title" : "Untitled",
        "transform" : [
          0.9964269,
          1.4080313e-08,
          0.084460355,
          0,
          0.009884149,
          0.9931288,
          -0.1166087,
          0,
          -0.083880074,
          0.11702686,
          0.98958015,
          0,
          -0.07585501,
          0.10536141,
          1.2204604,
          1
        ]
      },
      {
        "date" : 770190409.598628,
        "title" : "Untitled",
        "transform" : [
          0.9964269,
          1.4080313e-08,
          0.084460355,
          0,
          0.009884149,
          0.9931288,
          -0.1166087,
          0,
          -0.083880074,
          0.11702686,
          0.98958015,
          0,
          -0.33867887,
          0.47204462,
          4.3211427,
          1
        ]
      },
      {
        "date" : 770190392.196393,
        "title" : "Untitled",
        "transform" : [
          0.8767732,
          3.107868e-09,
          -0.48090404,
          0,
          -0.045824118,
          0.9954497,
          -0.0835455,
          0,
          0.47871572,
          0.095287435,
          0.8727837,
          0,
          1.3049095,
          0.23293461,
          2.3437703,
          1
        ]
      },
      {
        "date" : 770190390.473952,
        "title" : "Untitled",
        "transform" : [
          0.843019,
          1.6074466e-09,
          -0.53788376,
          0,
          -0.07194014,
          0.9910155,
          -0.11275096,
          0,
          0.53305113,
          0.13374661,
          0.8354449,
          0,
          1.451253,
          0.33659044,
          2.242962,
          1
        ]
      },
      {
        "date" : 770190340.737692,
        "title" : "Untitled",
        "transform" : [
          0.9882125,
          3.7089003e-09,
          -0.15308769,
          0,
          -0.041901253,
          0.96181285,
          -0.27048156,
          0,
          0.14724173,
          0.27370766,
          0.95047563,
          0,
          0.53419363,
          0.84828234,
          3.4372175,
          1
        ]
      }
    ],
    "C879D201-E8CF-470D-A429-07C75BE79774" : [
      {
        "date" : 770430343.287592,
        "title" : "Untitled",
        "transform" : [
          0.9987972,
          -1.0196136e-08,
          0.049034044,
          0,
          0.020724172,
          0.9062943,
          -0.42213875,
          0,
          -0.044439264,
          0.4226472,
          0.9052041,
          0,
          -0.094343945,
          0.15623546,
          1.8023502,
          1
        ]
      },
      {
        "date" : 770430320.306682,
        "title" : "Untitled",
        "transform" : [
          0.9987972,
          -1.0196136e-08,
          0.049034044,
          0,
          0.020724172,
          0.9062943,
          -0.42213875,
          0,
          -0.044439264,
          0.4226472,
          0.9052041,
          0,
          -0.022165243,
          -0.085525654,
          0.42344558,
          1
        ]
      },
      {
        "date" : 770430313.916715,
        "title" : "Untitled",
        "transform" : [
          0.9987972,
          -1.0196136e-08,
          0.049034044,
          0,
          0.020724172,
          0.9062943,
          -0.42213875,
          0,
          -0.044439264,
          0.4226472,
          0.9052041,
          0,
          -0.18638346,
          0.35672593,
          1.1444023,
          1
        ]
      },
      {
        "date" : 770430311.390075,
        "title" : "Untitled",
        "transform" : [
          0.9987972,
          -1.0196136e-08,
          0.049034044,
          0,
          0.020724172,
          0.9062943,
          -0.42213875,
          0,
          -0.044439264,
          0.4226472,
          0.9052041,
          0,
          -0.089312136,
          0.33328223,
          1.1601138,
          1
        ]
      },
      {
        "date" : 770430305.715395,
        "title" : "Untitled",
        "transform" : [
          0.9987972,
          -1.0196136e-08,
          0.049034044,
          0,
          0.020724172,
          0.9062943,
          -0.42213875,
          0,
          -0.044439264,
          0.4226472,
          0.9052041,
          0,
          -0.01476627,
          0.0066101328,
          0.35123107,
          1
        ]
      },
      {
        "date" : 770430297.94589,
        "title" : "Untitled",
        "transform" : [
          0.8246491,
          -1.0196136e-08,
          -0.56564474,
          0,
          -0.23906806,
          0.9062943,
          -0.3485356,
          0,
          0.5126406,
          0.4226472,
          0.7473747,
          0,
          0.91951793,
          0.7509607,
          1.3205395,
          1
        ]
      },
      {
        "date" : 770404542.299766,
        "title" : "Untitled",
        "transform" : [
          -0.9495484,
          -1.01961355e-08,
          -0.31362024,
          0,
          -0.13255073,
          0.9062943,
          0.4013239,
          0,
          0.28423223,
          0.4226472,
          -0.8605704,
          0,
          0.54615986,
          0.851748,
          -1.6935353,
          1
        ]
      },
      {
        "date" : 770404536.534254,
        "title" : "Untitled",
        "transform" : [
          0.99996793,
          -8.227822e-09,
          -0.008000303,
          0,
          -0.001796453,
          0.97446245,
          -0.22454305,
          0,
          0.0077960347,
          0.22455032,
          0.97443134,
          0,
          0.028200055,
          0.45791036,
          1.9596009,
          1
        ]
      },
      {
        "date" : 770404420.652242,
        "title" : "Untitled",
        "transform" : [
          0.99996793,
          -8.227822e-09,
          -0.008000303,
          0,
          -0.001796453,
          0.97446245,
          -0.22454305,
          0,
          0.0077960347,
          0.22455032,
          0.97443134,
          0,
          0.031096775,
          0.5256412,
          2.160892,
          1
        ]
      },
      {
        "date" : 770369867.581393,
        "title" : "Untitled",
        "transform" : [
          0.91123134,
          -8.39195e-09,
          -0.41189516,
          0,
          -0.038094655,
          0.9957139,
          -0.08427645,
          0,
          0.41012973,
          0.092486374,
          0.9073256,
          0,
          1.3891302,
          0.44080883,
          3.0233383,
          1
        ]
      }
    ]
  },
  "sceneViewportBackgroundColors" : {

  },
  "selectedSceneRelativePath" : "Robot Scene.usda"
}